[initial]
Home = 5.000000
Anneal = 2.000000
Botcup_beam = 35.250
middle_beam = 22.250
Topcup_beam = 10.256

[CALIB_INSERT]
Botcup_beam = 179.763    
middle_beam = 226.593    
Topcup_beam = 273.423    

[INSERT_1]
Botcup_beam = 179.763
middle_beam = 226.593
Topcup_beam = 273.423

[INSERT_2]
Botcup_beam = 179.763
middle_beam = 226.593
Topcup_beam = 273.423

[Beam Calibration]
Date = 
insert = 